Calculated Correlations
NaN
1.3477765619783384E-11
1.3477765619783384E-11
1.3477765619783384E-11
-1.3477765619783386E-11
-1.3477765619783386E-11
-1.3477765619783386E-11
-1.3477765619783386E-11
-1.3477765619783386E-11
-1.3477765619783386E-11
-1.3477765619783386E-11
NaN
1.3477765619783384E-11
1.3477765619783384E-11
1.3477765619783384E-11
1.3477765619783384E-11
1.3477765619783384E-11
1.3477765619783384E-11
1.3477765619783384E-11
1.3477765619783384E-11
1.3477765619783384E-11
1.3477765619783384E-11
NaN
1.3477765619783384E-11
1.3477765619783384E-11
1.3477765619783384E-11
1.3477765619783384E-11
1.3477765619783384E-11
1.3477765619783384E-11
1.3477765619783384E-11
1.3477765619783384E-11
1.3477765619783384E-11
1.3477765619783384E-11
NaN
1.3477765619783384E-11
1.3477765619783384E-11
1.3477765619783384E-11
1.3477765619783384E-11
1.3477765619783384E-11
1.3477765619783384E-11
1.3477765619783384E-11
1.3477765619783384E-11
1.3477765619783384E-11
1.3477765619783384E-11
NaN
1.3477765619783384E-11
1.3477765619783384E-11
1.3477765619783384E-11
1.3477765619783384E-11
1.3477765619783384E-11
1.3477765619783384E-11
1.3477765619783384E-11
1.3477765619783384E-11
1.3477765619783384E-11
1.3477765619783384E-11
NaN
1.3477765619783384E-11
1.3477765619783384E-11
1.3477765619783384E-11
1.3477765619783384E-11
1.3477765619783384E-11
1.3477765619783384E-11
1.3477765619783384E-11
1.3477765619783384E-11
1.3477765619783384E-11
1.3477765619783384E-11
NaN
1.3477765619783384E-11
1.3477765619783384E-11
1.3477765619783384E-11
1.3477765619783384E-11
1.3477765619783384E-11
1.3477765619783384E-11
1.3477765619783384E-11
1.3477765619783384E-11
1.3477765619783384E-11
1.3477765619783384E-11
