Calculated Correlations
0.8748784716238808
0.8748784716238808
0.8748784716238808
0.8748784716238808
0.8748784716238808
0.8748784716238808
0.8748784716238808
0.8794309291509754
0.8984441312096539
0.9071866399449453
0.9071866399449453
0.8748784716238808
0.9495029977932341
0.9628923967279313
0.971833385389372
0.9719229233612079
0.9719229233612079
0.9719229233612079
0.9719229233612079
0.9719229233612079
0.9719229233612079
0.9719229233612079
0.8748784716238808
0.9722978389846056
0.9729976976605159
0.9729976976605159
0.9729976976605159
0.9729976976605159
0.9729976976605159
0.9729976976605159
0.9729976976605159
0.9729976976605159
0.9729976976605159
0.31072494814341983
0.8630398366230314
0.8630398366230314
0.8630398366230314
0.8630398366230314
0.8630398366230314
0.8630398366230314
0.8630398366230314
0.8630398366230314
0.8630398366230314
0.8630398366230314
0.028972449238616096
0.16864589145241832
0.16864589145241832
0.16864589145241832
0.16864589145241832
0.16864589145241832
0.16864589145241832
0.16864589145241832
0.16864589145241832
0.16864589145241832
0.16864589145241832
0.5909964462846579
0.8972262820670591
0.9410387892433965
0.9382871261073091
0.912888158876179
0.884013209357326
0.9236805871911402
0.9506833546104868
0.9623682004499947
0.9677997903209012
0.9664342725766952
0.5381096002094697
0.8876511443561371
0.9270866794622957
0.9270866794622957
0.9270866794622957
0.9270866794622957
0.9270866794622957
0.9270866794622957
0.9270866794622957
0.9270866794622957
0.9270866794622957
0.6483667381859393
0.9586577351924229
0.9502516609072409
0.9502516609072409
0.9502516609072409
0.9502516609072409
0.9502516609072409
0.9502516609072409
0.9502516609072409
0.9502516609072409
0.9502516609072409
0.7645085165287878
0.8855525237192859
0.9436305743077079
0.9639085447165084
0.9639085447165084
0.9639085447165084
0.9639085447165084
0.9639085447165084
0.9639085447165084
0.9639085447165084
0.9639085447165084
