Calculated Correlations
0.9259912884838273
0.9259912884838273
0.9259912884838273
0.9259912884838273
0.9259912884838273
0.9259912884838273
0.9259912884838273
0.9259912884838273
0.9259912884838273
0.9259912884838273
0.9259912884838273
0.9259912884838273
0.9259912884838273
0.9259912884838273
0.9259912884838273
0.9259912884838273
0.9259912884838273
0.9259912884838273
0.9259912884838273
0.9259912884838273
0.9259912884838273
0.9259912884838273
0.9259912884838273
0.9259912884838273
0.9259912884838273
0.9259912884838273
0.9259912884838273
0.9259912884838273
0.9259912884838273
0.9259912884838273
0.9259912884838273
0.9259912884838273
0.9259912884838273
0.9259912884838273
0.9259912884838273
0.9259912884838273
0.9259912884838273
0.9259912884838273
0.9259912884838273
0.9259912884838273
0.9259912884838273
0.9259912884838273
0.9259912884838273
0.9259912884838273
0.9259912884838273
0.9259912884838273
0.9259912884838273
0.9259912884838273
0.9259912884838273
0.9259912884838273
0.9259912884838273
0.9259912884838273
0.9259912884838273
0.9259912884838273
0.9259912884838273
0.9259912884838273
0.9259912884838273
0.9259912884838273
0.9259912884838273
0.9259912884838273
0.9259912884838273
0.9259912884838273
0.9259912884838273
0.9259912884838273
0.9259912884838273
0.9259912884838273
