Calculated Correlations
0.725317363941085
0.7707122617927402
0.7707122617927402
0.7707122617927402
0.7707122617927402
0.7941908425611036
0.8748558209973225
0.7832572579041847
0.6993351238439734
0.6993351238439734
0.6993351238439734
