Calculated Correlations
0.34986121915458085
0.34986121915458085
0.34986121915458085
0.34986121915458085
0.34986121915458085
0.34986121915458085
0.34986121915458085
0.40542035104810586
0.47606815800130725
0.4876193233900484
0.49161300304472344
0.34986121915458085
0.47324288895420047
0.4843230573053247
0.48698951063907364
0.4881225680481943
0.48869966063844567
0.4891184082539763
0.4896418614137908
0.49024892892853206
0.49098918740666986
0.49195832290055513
0.34986121915458085
0.4871688569786516
0.48840158131665995
0.488899617573354
0.48926382826738357
0.4896836491836663
0.4901011523160548
0.49052348638838544
0.4909416803228147
0.49132498476889547
0.49200760444024094
