Calculated Correlations
NaN
0.7640708199146452
0.7640708199146468
0.7640708199146456
0.7640708199146453
0.7640708199146464
0.7640708199146455
0.7715387288605361
0.794839494105845
0.7959899472545997
0.7326031960782312
NaN
0.8552556232675869
0.9329313855514444
0.9303700650724874
0.8513465206074202
-0.21581395485945432
-0.5723770724888597
-0.6447737718077883
-0.6751061027125123
-0.6918304126841716
-0.7024473259167006
NaN
0.8351465285513203
-0.9192403313307037
-0.8287574180594902
-0.7937172127092953
-0.7802067514387726
-0.7730994432623862
-0.7687229848086113
-0.7657590393261037
-0.763619433690883
-0.7620025083126447
