Calculated Correlations
NaN
0.9528891658435361
0.9528891658435361
0.9528891658435361
0.9528891658435361
0.9528891658435361
0.9528891658435361
0.9528891658435361
0.9528891658435361
0.9562017839998073
0.9602381955577405
NaN
0.9528891658435361
0.9496698425138952
0.9414399117082389
0.9389703485251314
0.9243663334940793
0.9055764326712621
0.8729046207123445
0.7704628369904656
0.6589050276205015
0.6041445250224176
NaN
0.9271899732259236
0.8760058381315933
0.8326078564159307
0.7803380440751184
0.6216605321178328
0.5737614230927928
0.5663581487303109
0.5185989660796885
0.4474360638833281
0.3891372129482879
NaN
0.28839279633214177
0.626186190261797
0.684125971837016
0.6217869083540899
0.4509793878922816
0.4247511247799318
0.8570934934059293
0.855852583785999
0.9023012192904262
0.926738084281109
NaN
0.11804441308789598
0.32173043687072944
0.5110744620540147
0.3902763054804653
0.552083707691769
0.5735657471042739
0.5821290035255766
0.6044099905574448
0.7319434634069562
0.7865060481416836
