Calculated Correlations
NaN
0.8105399478621729
0.8105399478621729
0.8105399478621729
0.8105399478621729
0.8105399478621729
0.8105399478621729
0.8105399478621729
0.8270620215928469
0.8421482760842157
0.844512625445536
NaN
0.8541665993117371
0.9154536369456654
0.9474567827687915
0.9527383264558484
0.9609883759299902
0.9653604720014197
0.9691575586858289
0.9680688649111323
0.9536664416868612
0.9110515858130136
NaN
0.9675287959279762
0.9792856073830448
0.9701162313047008
0.9770007408829402
0.9618654504200501
0.8892520861232233
0.8536060483751385
0.6013731851844214
0.18497775053873525
-0.22051938158288373
