Calculated Correlations
NaN
0.980655291926703
0.9806552919267107
0.980655291926704
0.9806552919267066
0.9806552919266964
0.980655291926713
0.9806552919267048
0.980893592360645
0.9806958071794697
0.980747566933338
NaN
0.9853567246645947
0.8858637307136266
0.9482738055650647
0.9538523049108235
0.9512216884853986
0.9384059896982963
0.9579877370280058
0.9615508008639309
0.9588098452939643
0.9565908075259161
NaN
0.9376296603758587
0.9322166986716145
0.9452333720694233
0.9273081140121165
0.9023483683141851
0.917312862043157
0.9022414096074295
0.8598237313716414
0.8222904429929913
0.8065709658131262
NaN
0.38807520357267483
0.5370506654943732
0.5159967213853852
0.803568622431109
0.9119591445543466
0.9329255173383247
0.9214623900024699
0.9084333231109732
0.9227858188360577
0.9270342996498843
NaN
0.215955073436027
0.39448505198149264
0.4623949998278465
0.6296689399826433
0.8276637446278027
0.873452692242924
0.8925091428885034
0.9180793898715316
0.9285861013733672
0.9321416914137608
NaN
0.7448885068167836
0.7646220949777954
0.8226003277532971
0.8153429338205395
0.8230145924731385
0.8206142916666623
0.8464468212405126
0.8606032351742717
0.8669277332526658
0.8712889590276552
NaN
0.6945421314378694
0.7358661337585074
0.8416595765185978
0.9249148082339373
0.8869417787087471
0.9030259356781016
0.9072765120254755
0.8916049312149541
0.8659525266100846
0.8541787263147952
NaN
0.8003881377685881
0.897835009858786
0.8689944771806605
0.9286808095089204
0.9173324953334329
0.9215103744865141
0.9310046476527394
0.9239655758176508
0.9044097062187084
0.8971806867612928
