Calculated Correlations
NaN
0.6369699020603573
0.6369699020603573
0.6369699020603573
0.6369699020603573
0.6369699020603573
0.6369699020603573
0.6551819479610493
0.6840083209890996
0.6896231850907171
0.6205871923659144
NaN
0.8640470273458859
0.9346448304158546
0.9423770313894646
0.7578998182442985
-0.40721548436275146
-0.6091406452260701
-0.646791523127634
-0.6614950883132826
-0.6692100947152462
-0.6739374335268757
NaN
0.6729751501439264
-0.9151715462419747
-0.8282405286529418
-0.7764174222437596
-0.7528622045462008
-0.7396259860474336
-0.731179825513729
-0.7253302787228909
-0.721042226498552
-0.7177651429433737
NaN
-0.7464743109989125
-0.8484962638398593
-0.8799868756707703
-0.90352441899023
-0.9276827872649897
-0.929478236377677
-0.9251277745298337
-0.8895342581037092
-0.7753748511369237
-0.40743326531472684
