Calculated Correlations
0.7221660244525021
0.7221660244525021
0.7221660244525021
0.7221660244525021
0.7221660244525021
0.7221660244525021
0.7221660244525021
0.7221660244525021
0.7295590241984434
0.7301833174724509
0.7671646203549195
