Calculated Correlations
0.6965916681270361
0.6965916681270361
0.6965916681270361
0.6965916681270361
0.6965916681270361
0.6965916681270361
0.6965916681270361
0.7000774643163508
0.3193430794906437
NaN
NaN
0.6965916681270361
0.47697292594774493
NaN
NaN
NaN
NaN
NaN
NaN
NaN
NaN
NaN
0.6998348930917717
NaN
NaN
NaN
NaN
NaN
NaN
NaN
NaN
NaN
NaN
0.6839513730319037
NaN
NaN
NaN
NaN
NaN
NaN
NaN
NaN
NaN
NaN
0.5826888485234892
NaN
NaN
NaN
NaN
NaN
NaN
NaN
NaN
NaN
NaN
0.7372652732589127
-0.0920496089548143
NaN
NaN
NaN
NaN
NaN
NaN
NaN
NaN
NaN
0.6964946507203227
NaN
NaN
NaN
NaN
NaN
NaN
NaN
NaN
NaN
NaN
