Calculated Correlations
-0.65037703419585
-0.65037703419585
-0.65037703419585
-0.65037703419585
-0.65037703419585
-0.65037703419585
-0.65037703419585
-0.65037703419585
-0.18792600644727758
-0.050097035515064156
-0.524431433415309
-0.65037703419585
-0.6500470467683428
-0.6050158753044906
-0.3224658888643257
-0.2477696343328921
-0.29806764065928604
-0.33068065196892377
-0.5166470300957902
-0.5878837985902801
-0.2565905781179471
-0.29639834927513325
-0.65037703419585
-0.6470331335496736
-0.5372329334243168
-0.5032393141445164
-0.405864652157966
-0.4104229393227837
-0.5317646471919288
-0.4926385469577831
-0.5540489491881194
-0.34035896509424596
-0.23677598329770091
-0.65037703419585
-0.6440376364692166
-0.5877109756032297
-0.5843502053808208
-0.5539268819958568
-0.5614640233579061
-0.2451092389891699
-0.20396952345305266
-0.18965014079891535
-0.025695435204251958
-0.35267400212789735
-0.65037703419585
-0.649417594227917
-0.6412883129241747
-0.6444595411747653
-0.3891695247723801
-0.3926548378673776
-0.43946757764250083
-0.41979401516725384
-0.3778696079367096
-0.42747273806009034
-0.5977226112719513
-0.65037703419585
-0.6503778118183287
-0.5856054830906662
-0.5281569368603692
-0.5088511932564223
-0.5821743564459624
-0.5574823175857017
-0.5640425963056552
-0.5719596947752881
-0.5584939219099007
-0.6270063406865741
