Calculated Correlations
NaN
0.49937112407865464
0.49937112407865464
0.49937112407865464
0.49937112407865464
0.5246936694048235
0.5705502993191326
0.6699395959062623
0.7114524891698205
0.7457484685218331
0.7653159526298459
NaN
0.8898620763450116
0.966938691842629
0.9885544734921148
0.9832219136786566
0.9900372439869177
0.987894604387738
0.9881779058314315
0.980970525157928
0.895884943696102
0.20110363310865687
NaN
0.9861915368582702
0.9760983528918119
0.9527560172507035
0.9141423484017142
0.7943128588215177
-0.10931596604868447
-0.8448463309110039
-0.9259019099782252
-0.9706932326204815
-0.9688220500543006
NaN
0.20554117929111607
0.613648380277718
0.8378729600136391
0.9009499637398102
0.9524837344255579
0.9694408010436223
0.9773254752090478
0.9830172338331099
0.984037142676538
0.9858943651865717
NaN
-0.8898229626834185
-0.9687215589617817
-0.9686606103827347
-0.9410470654843338
-0.9033282293042161
-0.786568146122339
0.20054915191067527
0.9071458649135837
0.9583102607342053
0.980943295007669
NaN
0.9258391846725931
0.9732234060108489
0.9631435470248687
0.9782800690078732
0.9851084080812887
0.9877897578741317
0.9848086338648178
0.9876049253827618
0.9856549802508414
0.985089096915269
NaN
0.9284469702994286
0.9308651258422296
0.9149288756291843
0.8971777708810356
0.736966368147611
-0.2190013525121288
-0.7551445211489961
-0.8854014285321461
-0.9648850292685626
-0.982155175031044
NaN
0.9486369112622364
0.968168017236159
0.9563760912555794
0.9422767653248919
0.888718829262685
0.9096618346392004
0.7100637113875754
-0.454121954755455
-0.8645716747342544
-0.9673977447676317
NaN
0.9680216650692475
0.981990316959501
0.9892544453358854
0.9810345934056921
0.9782954173011106
0.9719980847104647
0.9532488011959244
0.9005019323542508
0.13400287690844156
-0.8283649438612745
