Calculated Correlations
NaN
0.3839591971444677
0.38395919714446763
0.3839591971444677
0.3839591971444677
0.3839591971444677
0.3861311144798263
0.45729958155455014
0.5155040620529044
0.4364415053738572
0.38476615124102453
