Calculated Correlations
-0.11103944595859049
0.08764516978840689
0.08764516978840689
0.08764516978840689
0.08764516978840689
0.08764516978840689
0.08764516978840689
0.08764516978840689
0.08764516978840689
NaN
NaN
-0.11103944595859049
0.08764516978840689
0.08764516978840689
0.08764516978840689
0.08764516978840689
0.08764516978840689
0.08764516978840689
0.08764516978840689
0.08764516978840689
NaN
NaN
-0.11103944595859049
0.08764516978840689
0.08764516978840689
0.3125167391255725
0.3125167391255725
0.3074160369155391
0.3074160369155391
0.3074160369155391
0.3074160369155391
NaN
NaN
-0.11103944595859049
0.09555029688837265
0.3125167391255725
0.3125167391255725
0.3125167391255725
0.3074160369155391
0.3074160369155391
0.3074160369155391
0.3074160369155391
0.3074160369155391
NaN
