Calculated Correlations
0.36103778775184997
0.36103778775184997
0.36103778775184997
0.36103778775184997
0.36103778775184997
0.3610585129226104
0.361078515402134
0.36113425492980283
0.361220360696224
0.36127669936742907
0.3611883287699776
0.36103774966720553
0.3611506272260838
0.36105014813033026
0.360799666441189
0.3603354754640662
0.35967306697815565
0.3587568424277609
0.3577035206044216
0.3563544345815005
0.35502427182589685
0.3536739532054614
